9

1
-1 0
-5 -3
2 5
0 0

1
-1 0
0 1
0 0

1
-3 0
-5 -3
-1 5
0 0

3
-1 2
0 1
2 4
0 0

4
1 4
-3 3
2 4
0 3
1 2
0 0

5
1 3
2 4
0 4
1 3
0 0

4
0 3
1 3
1 1
3 3
3 4
0 0

1999
3498 4506
225 266
4744 9482
69 6449
1157 2650
1811 4214
5711 8510
7585 8939
1024 1958
5583 9404
2199 3140
5151 8047
6740 7557
0 0
 3846
-121 4856
1361 8992
1660 5450
3482 6941
2354 7977
-10 8913
385 5464
-382 -155
-202 7678
4974 7641
120 1566
4013 5477
-423 -314
3404 5500
1984 2055
3002 8390
3257 5308
3681 5876
-225 1544
1080 1536
-453 -439
-390 -218
-78 402
5138 6310
304 545
-350 -330
1525 4584
370 2405
589 1343
8550 9026
1798 3248
2495 8159
2302 2648
1741 3517
1047 1054
3674 4268
-488 -296
-19 3491
640 1527
-94 6035
5095 7953
4601 5682
897 1405
494 1008
566 3841
1019 3995
2805 5300
5372 6199
354 392
3194 6342
6157 8971
-349 -89
-288 2510
1535 2982
5563 7404
104 311
84 2571
5703 5743
2835 8281
3781 4573
606 4635
-345 -235
94 4924
654 2085
-285 -118
807 964
3040 3239
3273 5377
1490 8479
517 3987
2322 5225
7326 9090
921 8141
2044 5973
4402 5786
724 2746
225 6963
2844 4558
891 6325
425 1405
1567 2920
2346 2909
4566 4742
-411 -243
-442 846
3385 6953
0 0
