1 2 2 1 2 3 3 3 2 2 1 4 3 2 2 2 1 2 2 3 4 4 1 4 3 2 1 2 2 3 3 3 3 3 4 3 2 2 2 1 4 3 2 2 3 2 3 2 3 4 3 2 3 3 3 2 1 1 1 4 3 3 4 3 2 2 1 1 4
-19108
4 3 2 3 3 4
-49
1 1 1 1 1 1 1 1 1 1 1 1 1 1 1 1 1 1 1 1 1 1 1 1 1 1 1 1 1 1 1 1 1 1 1 1 1 1 1 1 1 1 1 1 1 1 1 1 1 1 1 1 1 1 1 1 1 1 1 1 1 1 1 1 1 1 1 1 1 1 1 1 1 1 1 1 1 1 1 1 1 1 1 1 1 1 1 1 1 1 1 1 1 1 1 1 1 1 1 1
100
1 4 1 2 1 2 3
-11
1 2 3 4 4 5
16
1 2 1 5 4 5
11
1 1
19
1 1 1 1 1 1
6
1 1 1 1
10
1 2 3 2 1
14
2 3 3 2 1 2 3 4 4 5
188
1 5 1 2 1 2 3 4 4 5
172
4 3 2 3 3 4
-49
1 1 1 1 1 1 1 1 1 1 1 1 1 1 1 1 1 1 1 1 1 1 1 1 1 1 1 1 1 1 1 1 1 1 1 1 1 1 1 1 1 1 1 1 1 1 1 1 1 1 1 1 1 1 1 1 1 1 1 1 1 1 1 1 1 1 1 1 1 1 1 1 1 1 1 1 1 1 1 1 1 1 1 1 1 1 1 1 1 1 1 1 1 1 1 1 1 1 1 1
100
1 2 3 4 4 5
16
1 2 1 5 4 5
11
1 1
19
2 1 5 4
4
4 3 2 3 3 4
-49
1 4 1 2 1 2 3
-11
1 1 1 1 1 1
6
1 1 1 1
10
1 2 3 2 1
14
2 3 3 2 1 2 3 4 4 5
188
1 5 1 2 1 2 3 4 4 5
172
4 3 2 3 3 4
-49
1 1 1 1 1 1 1 1 1 1 1 1 1 1 1 1 1 1 1 1 1 1 1 1 1 1 1 1 1 1 1 1 1 1 1 1 1 1 1 1 1 1 1 1 1 1 1 1 1 1 1 1 1 1 1 1 1 1 1 1 1 1 1 1 1 1 1 1 1 1 1 1 1 1 1 1 1 1 1 1 1 1 1 1 1 1 1 1 1 1 1 1 1 1 1 1 1 1 1 1
100
2 1 6 5 4 3 3 3
8
1 1 1 1 1 1 1 1 1 1
5368709110
1 1 1 1 1 1 1 1 1 1
5368709110
1
1
1
1
1 1
2
1 6 5 6 1 1
6
1 2 2 1 2 3 3 3 2 2 1 4 3 2 2 2 1 2 2 3 4 4 1 4 3 2 1 2 2 3 3 3 3 3 4 3 2 2 2 1 4 3 2 2 3 2 3 2 3 4 3 2 3 3 3 2 1 1 1 4 3 3 4 3 2 2 1 1 4
-19108
